0 0.049180328125 0.35668545156250003 0.05081967187500001 0.3993084015625 0.0868852453125 0.4009477453125 0.0852459015625 0.35668545156250003 0.049180328125 0.35668545156250003
0 0.1360655734375 0.35668545156250003 0.1360655734375 0.402587090625 0.172131146875 0.402587090625 0.172131146875 0.35668545156250003 0.1360655734375 0.35668545156250003
0 0.22131147499999998 0.35668545156250003 0.21967213124999999 0.3993084015625 0.2573770484375 0.3993084015625 0.2573770484375 0.35668545156250003 0.22131147499999998 0.35668545156250003
0 0.3065573765625 0.35668545156250003 0.3065573765625 0.402587090625 0.3459016390625 0.402587090625 0.3459016390625 0.35668545156250003 0.3065573765625 0.35668545156250003
0 0.3950819671875 0.35668545156250003 0.3934426234375 0.3993084015625 0.43278688593750003 0.4009477453125 0.4344262296875 0.35504610625 0.3950819671875 0.35668545156250003
0 0.4819672125 0.35504610625 0.48032786875 0.3976690578125 0.521311475 0.3993084015625 0.521311475 0.35668545156250003 0.4819672125 0.35504610625
0 0.6573770484375 0.35668545156250003 0.6573770484375 0.3993084015625 0.6950819671875 0.3993084015625 0.6950819671875 0.35504610625 0.6573770484375 0.35668545156250003
0 0.7442622953125 0.35668545156250003 0.7426229515625 0.3993084015625 0.7836065578125 0.4009477453125 0.7836065578125 0.35668545156250003 0.7442622953125 0.35668545156250003
0 0.8295081968750001 0.35504610625 0.8295081968750001 0.402587090625 0.870491803125 0.4009477453125 0.870491803125 0.35504610625 0.8295081968750001 0.35504610625
0 0.9180327875 0.3583247953125 0.9163934421875 0.405865778125 0.9540983609374999 0.402587090625 0.9540983609374999 0.3583247953125 0.9180327875 0.3583247953125
0 0.0459016390625 0.4320952875 0.0426229515625 0.47471823750000003 0.088524590625 0.47635758125 0.091803278125 0.43373463125 0.0459016390625 0.4320952875
0 0.131147540625 0.4320952875 0.12950819687499998 0.47471823750000003 0.17377049218750001 0.47635758125 0.17540983593749998 0.43373463125 0.131147540625 0.4320952875
0 0.21803278750000002 0.42881659843750003 0.2163934421875 0.47471823750000003 0.2606557375 0.47471823750000003 0.25901639374999996 0.4304559421875 0.21803278750000002 0.42881659843750003
0 0.30163934375 0.4320952875 0.29836065624999997 0.47635758125 0.34754098437500003 0.4779969265625 0.34754098437500003 0.4304559421875 0.30163934375 0.4320952875
0 0.391803278125 0.4320952875 0.39016393437499997 0.47471823750000003 0.43770491875 0.47471823750000003 0.43770491875 0.42881659843750003 0.391803278125 0.4320952875
0 0.47868852500000003 0.4320952875 0.48032786875 0.47635758125 0.5262295078125 0.4779969265625 0.5262295078125 0.42881659843750003 0.47868852500000003 0.4320952875
0 0.5672131140625 0.4304559421875 0.5672131140625 0.47635758125 0.6098360656249999 0.47471823750000003 0.611475409375 0.4320952875 0.5672131140625 0.4304559421875
0 0.6540983609375 0.4304559421875 0.6524590156250001 0.47635758125 0.7 0.47635758125 0.7 0.4271772546875 0.6540983609375 0.4304559421875
0 0.74098360625 0.4304559421875 0.7426229515625 0.47307889375 0.7852459015625 0.47471823750000003 0.7868852453125 0.4304559421875 0.74098360625 0.4304559421875
0 0.8295081968750001 0.42881659843750003 0.8295081968750001 0.47471823750000003 0.872131146875 0.47471823750000003 0.872131146875 0.42881659843750003 0.8295081968750001 0.42881659843750003
0 0.9131147546875 0.4304559421875 0.9114754093749999 0.4779969265625 0.96229508125 0.4779969265625 0.9606557375 0.4271772546875 0.9131147546875 0.4304559421875
0 0.0442622953125 0.502587090625 0.0459016390625 0.543570696875 0.088524590625 0.543570696875 0.088524590625 0.504226434375 0.0442622953125 0.502587090625
0 0.12950819687499998 0.504226434375 0.12786885312500001 0.5468493859375 0.17377049218750001 0.5468493859375 0.17540983593749998 0.504226434375 0.12950819687499998 0.504226434375
0 0.21803278750000002 0.504226434375 0.2163934421875 0.545210040625 0.2606557375 0.5468493859375 0.2606557375 0.502587090625 0.21803278750000002 0.504226434375
0 0.3032786890625 0.504226434375 0.30491803281249996 0.545210040625 0.3459016390625 0.5468493859375 0.3459016390625 0.502587090625 0.3032786890625 0.504226434375
0 0.39016393437499997 0.502587090625 0.391803278125 0.5468493859375 0.4344262296875 0.5484887296875 0.4344262296875 0.5009477453125 0.39016393437499997 0.502587090625
0 0.47868852500000003 0.504226434375 0.47704917968749994 0.545210040625 0.5229508203125001 0.543570696875 0.5245901640625 0.502587090625 0.47868852500000003 0.504226434375
0 0.5639344265624999 0.504226434375 0.5655737703125 0.545210040625 0.611475409375 0.5419313531250001 0.6098360656249999 0.502587090625 0.5639344265624999 0.504226434375
0 0.6524590156250001 0.504226434375 0.6540983609375 0.5484887296875 0.6967213109375 0.545210040625 0.6967213109375 0.502587090625 0.6524590156250001 0.504226434375
0 0.7393442625 0.505865778125 0.7393442625 0.5468493859375 0.7836065578125 0.545210040625 0.7852459015625 0.502587090625 0.7393442625 0.505865778125
0 0.8278688531249999 0.504226434375 0.8295081968750001 0.5468493859375 0.8754098359375 0.5484887296875 0.8754098359375 0.504226434375 0.8278688531249999 0.504226434375
0 0.9147540984375 0.504226434375 0.9147540984375 0.545210040625 0.9573770484375 0.543570696875 0.95901639375 0.505865778125 0.9147540984375 0.504226434375
0 0.0442622953125 0.57307889375 0.0459016390625 0.6189805328125 0.08360655781250001 0.6206198765625001 0.08032786875 0.57635758125 0.0442622953125 0.57307889375
0 0.1344262296875 0.57307889375 0.1344262296875 0.6173411890625 0.16885245937499999 0.6189805328125 0.1672131140625 0.5747182375000001 0.1344262296875 0.57307889375
0 0.21967213124999999 0.5747182375000001 0.21803278750000002 0.6189805328125 0.2540983609375 0.6206198765625001 0.2557377046875 0.57635758125 0.21967213124999999 0.5747182375000001
0 0.3032786890625 0.57307889375 0.308196721875 0.6189805328125 0.34098360625 0.6173411890625 0.34098360625 0.5714395484375 0.3032786890625 0.57307889375
0 0.3934426234375 0.5747182375000001 0.3934426234375 0.6173411890625 0.43114754062499994 0.6173411890625 0.43114754062499994 0.5747182375000001 0.3934426234375 0.5747182375000001
0 0.4819672125 0.5747182375000001 0.48032786875 0.6173411890625 0.5180327874999999 0.6189805328125 0.5180327874999999 0.57307889375 0.4819672125 0.5747182375000001
0 0.6606557375000001 0.5747182375000001 0.6606557375000001 0.6173411890625 0.6934426234375 0.6173411890625 0.6934426234375 0.57635758125 0.6606557375000001 0.5747182375000001
0 0.7475409843749999 0.57635758125 0.7459016390625 0.6206198765625001 0.7819672125 0.6206198765625001 0.7819672125 0.5747182375000001 0.7475409843749999 0.57635758125
0 0.9196721312499999 0.57635758125 0.9196721312499999 0.6189805328125 0.9540983609374999 0.6173411890625 0.9524590156249999 0.57635758125 0.9196721312499999 0.57635758125
0 0.0426229515625 0.6484887296874999 0.0442622953125 0.692751025 0.0852459015625 0.692751025 0.0852459015625 0.6484887296874999 0.0426229515625 0.6484887296874999
0 0.12950819687499998 0.6484887296874999 0.12786885312500001 0.6911116796875 0.170491803125 0.6911116796875 0.16885245937499999 0.65176741875 0.12950819687499998 0.6484887296874999
0 0.21475409843749999 0.6501280734375 0.21475409843749999 0.692751025 0.2573770484375 0.692751025 0.25901639374999996 0.6484887296874999 0.21475409843749999 0.6501280734375
0 0.30491803281249996 0.6501280734375 0.3032786890625 0.692751025 0.34426229531249997 0.692751025 0.34754098437500003 0.6484887296874999 0.30491803281249996 0.6501280734375
0 0.39016393437499997 0.65176741875 0.39016393437499997 0.692751025 0.4344262296875 0.6943903687499999 0.4360655734375 0.6501280734375 0.39016393437499997 0.65176741875
0 0.47704917968749994 0.6484887296874999 0.47704917968749994 0.6943903687499999 0.521311475 0.6943903687499999 0.521311475 0.6501280734375 0.47704917968749994 0.6484887296874999
0 0.5655737703125 0.6484887296874999 0.5639344265624999 0.6943903687499999 0.611475409375 0.6960297125 0.6098360656249999 0.6468493859375 0.5655737703125 0.6484887296874999
0 0.6524590156250001 0.6484887296874999 0.650819671875 0.6976690578125 0.69836065625 0.6960297125 0.7 0.6468493859375 0.6524590156250001 0.6484887296874999
0 0.7393442625 0.6501280734375 0.73770491875 0.6960297125 0.7868852453125 0.6960297125 0.7868852453125 0.6484887296874999 0.7393442625 0.6501280734375
0 0.8262295078124999 0.6468493859375 0.8278688531249999 0.6960297125 0.8754098359375 0.6943903687499999 0.8754098359375 0.6468493859375 0.8262295078124999 0.6468493859375
0 0.04098360625 0.7206198765625 0.0426229515625 0.764882171875 0.0868852453125 0.764882171875 0.0868852453125 0.722259221875 0.04098360625 0.7206198765625
0 0.12950819687499998 0.7206198765625 0.1262295078125 0.766521515625 0.172131146875 0.766521515625 0.172131146875 0.7206198765625 0.12950819687499998 0.7206198765625
0 0.2131147546875 0.7206198765625 0.2131147546875 0.766521515625 0.25901639374999996 0.766521515625 0.2606557375 0.7189805328125 0.2131147546875 0.7206198765625
0 0.3 0.7206198765625 0.30163934375 0.766521515625 0.3459016390625 0.766521515625 0.3459016390625 0.723898565625 0.3 0.7206198765625
0 0.388524590625 0.722259221875 0.388524590625 0.766521515625 0.4360655734375 0.7681608609375 0.4344262296875 0.723898565625 0.388524590625 0.722259221875
0 0.47540983593749997 0.722259221875 0.47704917968749994 0.764882171875 0.521311475 0.766521515625 0.521311475 0.7206198765625 0.47540983593749997 0.722259221875
0 0.5639344265624999 0.722259221875 0.5639344265624999 0.764882171875 0.608196721875 0.764882171875 0.608196721875 0.722259221875 0.5639344265624999 0.722259221875
0 0.6524590156250001 0.723898565625 0.6540983609375 0.7681608609375 0.6967213109375 0.766521515625 0.6967213109375 0.723898565625 0.6524590156250001 0.723898565625
0 0.74098360625 0.723898565625 0.74098360625 0.766521515625 0.7836065578125 0.766521515625 0.7852459015625 0.722259221875 0.74098360625 0.723898565625
0 0.8278688531249999 0.722259221875 0.8278688531249999 0.766521515625 0.872131146875 0.764882171875 0.870491803125 0.723898565625 0.8278688531249999 0.722259221875
0 0.9147540984375 0.7255379093750001 0.9147540984375 0.764882171875 0.9524590156249999 0.763242828125 0.9557377046875001 0.722259221875 0.9147540984375 0.7255379093750001
0 0.9147540984375 0.6501280734375 0.9163934421875 0.6943903687499999 0.9573770484375 0.6943903687499999 0.9557377046875001 0.6484887296874999 0.9147540984375 0.6501280734375
0 0.8327868859375 0.57635758125 0.8344262296875 0.6173411890625 0.8655737703125 0.6189805328125 0.872131146875 0.57635758125 0.8327868859375 0.57635758125
0 0.570491803125 0.5747182375000001 0.570491803125 0.6189805328125 0.6032786890625 0.6189805328125 0.6032786890625 0.5747182375000001 0.570491803125 0.5747182375000001
0 0.570491803125 0.35504610625 0.570491803125 0.3976690578125 0.608196721875 0.3993084015625 0.6065573765625001 0.3534067625 0.570491803125 0.35504610625