0 0.251953125 0.078125 0.255859375 0.1640625 0.3232421875 0.1630859375 0.3203125 0.0791015625 0.251953125 0.078125
0 0.2568359375 0.208984375 0.2568359375 0.294921875 0.3203125 0.294921875 0.3193359375 0.2080078125 0.2568359375 0.208984375
0 0.25390625 0.3408203125 0.251953125 0.421875 0.3193359375 0.4248046875 0.3212890625 0.33984375 0.25390625 0.3408203125
0 0.2607421875 0.4658203125 0.2607421875 0.5615234375 0.3203125 0.5615234375 0.3203125 0.46484375 0.2607421875 0.4658203125
0 0.259765625 0.6015625 0.2578125 0.705078125 0.3203125 0.70703125 0.3203125 0.599609375 0.259765625 0.6015625
0 0.2548828125 0.75 0.255859375 0.8642578125 0.3251953125 0.86328125 0.3232421875 0.7490234375 0.2548828125 0.75
0 0.458984375 0.7470703125 0.4599609375 0.86328125 0.5361328125 0.865234375 0.537109375 0.7470703125 0.458984375 0.7470703125
0 0.671875 0.7548828125 0.6708984375 0.86328125 0.7412109375 0.8642578125 0.7431640625 0.755859375 0.671875 0.7548828125
0 0.4619140625 0.59765625 0.4619140625 0.7021484375 0.5322265625 0.701171875 0.5361328125 0.5966796875 0.4619140625 0.59765625
0 0.6748046875 0.6015625 0.673828125 0.703125 0.7353515625 0.701171875 0.7353515625 0.6025390625 0.6748046875 0.6015625
0 0.4658203125 0.4638671875 0.4658203125 0.5595703125 0.525390625 0.5595703125 0.52734375 0.4658203125 0.4658203125 0.4638671875
0 0.6767578125 0.462890625 0.6767578125 0.55859375 0.736328125 0.55859375 0.73828125 0.46484375 0.6767578125 0.462890625
0 0.46484375 0.3388671875 0.462890625 0.419921875 0.5302734375 0.421875 0.53125 0.3408203125 0.46484375 0.3388671875
0 0.6767578125 0.3408203125 0.6748046875 0.421875 0.740234375 0.4248046875 0.7421875 0.33984375 0.6767578125 0.3408203125
0 0.46875 0.2119140625 0.47265625 0.294921875 0.5302734375 0.2939453125 0.53125 0.2119140625 0.46875 0.2119140625
0 0.6787109375 0.2099609375 0.6796875 0.29296875 0.7373046875 0.2919921875 0.740234375 0.2109375 0.6787109375 0.2099609375
0 0.466796875 0.0810546875 0.4638671875 0.16796875 0.53125 0.1669921875 0.53125 0.0810546875 0.466796875 0.0810546875
0 0.6796875 0.080078125 0.677734375 0.1650390625 0.7451171875 0.1640625 0.744140625 0.080078125 0.6796875 0.080078125