0 0.0291970796875 0.1932963296875 0.0243309 0.2849427203125 0.08515815156249999 0.28737581093750003 0.0827250609375 0.18843015000000002 0.0291970796875 0.1932963296875
0 0.025952960937500002 0.4017310421875 0.0235198703125 0.5022987624999999 0.0786699109375 0.500676703125 0.0786699109375 0.398486921875 0.025952960937500002 0.4017310421875
0 0.16301703125 0.22492649999999997 0.1646390921875 0.3100846515625 0.2173560421875 0.3141398015625 0.21978913281249998 0.2322257703125 0.16301703125 0.22492649999999997
0 0.3138686125 0.22735959062500002 0.30575831249999996 0.316572890625 0.36739659375 0.316572890625 0.37145174375 0.22735959062500002 0.3138686125 0.22735959062500002
0 0.4541768046875 0.223304440625 0.450932684375 0.31089568125 0.5125709656249999 0.30927362187499996 0.5109489046875 0.2224934109375 0.4541768046875 0.223304440625
0 0.6358475265625 0.23952504062500002 0.630981346875 0.3303604015625 0.7177615578125 0.3279273109375 0.7169505265625 0.2411471 0.6358475265625 0.23952504062500002
0 0.793998378125 0.2443912203125 0.793998378125 0.333604521875 0.8491484187499999 0.3303604015625 0.8475263578125001 0.24195813125 0.793998378125 0.2443912203125
0 0.7931873484375 0.4503928421875 0.7923763171875 0.545283353125 0.85320356875 0.5420392328125 0.8507704781250001 0.4512038734375 0.7931873484375 0.4503928421875
0 0.9156528796875 0.452014903125 0.91403081875 0.5469054140625 0.973236009375 0.5444723234375 0.9708029203124999 0.45444799218750004 0.9156528796875 0.452014903125
0 0.9148418484375 0.623142234375 0.9132197890624999 0.726954075 0.969180859375 0.725332015625 0.9683698296875001 0.6239532640625 0.9148418484375 0.623142234375
0 0.793998378125 0.623142234375 0.7948094078125 0.73182025625 0.8515815078125 0.7285761359375 0.8540145984375 0.623142234375 0.793998378125 0.623142234375
0 0.6317923765625 0.4487707828125 0.630170315625 0.541228203125 0.7185725875 0.545283353125 0.716139496875 0.44633769218749997 0.6317923765625 0.4487707828125
0 0.618004865625 0.61665399375 0.614760746875 0.7285761359375 0.7096512578125 0.726954075 0.7096512578125 0.6142209046875 0.618004865625 0.61665399375
0 0.44849959375 0.623142234375 0.446877534375 0.725332015625 0.5109489046875 0.7277651046875 0.5093268453124999 0.6182760546875 0.44849959375 0.623142234375
0 0.4501216546875 0.434983271875 0.446877534375 0.533117903125 0.508515815625 0.5282517234374999 0.507704784375 0.43255018281249996 0.4501216546875 0.434983271875
0 0.30251419375 0.43741636250000004 0.2992700734375 0.5347399640625 0.3625304140625 0.5347399640625 0.36577453437499996 0.43417224218749995 0.30251419375 0.43741636250000004
0 0.3017031625 0.6182760546875 0.304136253125 0.7326312859375 0.3641524734375 0.73182025625 0.36334144375 0.6150319343749999 0.3017031625 0.6182760546875
0 0.15490673125 0.434983271875 0.15490673125 0.50716494375 0.21167883281250002 0.5079759734375 0.214111921875 0.434983271875 0.15490673125 0.434983271875
0 0.153284671875 0.61665399375 0.1557177609375 0.7245209859374999 0.2133008921875 0.7261430453125 0.21492295156250002 0.6158429640625 0.153284671875 0.61665399375
0 0.03649635 0.619087084375 0.03649635 0.6993790546875001 0.0843471203125 0.7018121453124999 0.07785888125 0.617465025 0.03649635 0.619087084375