0 0.5280565890625 0.16637478125 0.5280565890625 0.2206654984375 0.5613315453125 0.22241681249999998 0.5595802328125 0.1681260953125 0.5280565890625 0.16637478125
0 0.1988096546875 0.3905429078125 0.197058340625 0.52189141875 0.2495977453125 0.5236427328125 0.24784643125 0.3905429078125 0.1988096546875 0.3905429078125
0 0.4159725265625 0.3537653234375 0.4177238390625 0.4640980734375 0.48077112499999997 0.4640980734375 0.4790198125 0.3555166375 0.4159725265625 0.3537653234375
0 0.606865696875 0.3537653234375 0.606865696875 0.4640980734375 0.6769182359375 0.4640980734375 0.675166921875 0.3537653234375 0.606865696875 0.3537653234375
0 0.8397903890625 0.371278459375 0.8397903890625 0.42556917656250004 0.8975837343749999 0.427320490625 0.895832421875 0.373029771875 0.8397903890625 0.371278459375
0 0.4159725265625 0.56567425625 0.4159725265625 0.683012259375 0.48252243906250003 0.683012259375 0.48252243906250003 0.5691768828125 0.4159725265625 0.56567425625
0 0.6051143828125001 0.56567425625 0.6051143828125001 0.683012259375 0.6769182359375 0.6847635734375 0.6769182359375 0.5674255687499999 0.6051143828125001 0.56567425625
0 0.8432930171875 0.504378284375 0.8432930171875 0.6007005249999999 0.8993350484375 0.6007005249999999 0.8975837343749999 0.504378284375 0.8432930171875 0.504378284375
0 0.8432930171875 0.70052539375 0.841541703125 0.8056042031249999 0.9010863609375 0.8056042031249999 0.902837675 0.7022767078125 0.8432930171875 0.70052539375
0 0.608617009375 0.7933450093750001 0.608617009375 0.9176882656249999 0.6821721765625 0.9176882656249999 0.6821721765625 0.7933450093750001 0.608617009375 0.7933450093750001
0 0.4177238390625 0.7933450093750001 0.4177238390625 0.915936953125 0.486025065625 0.915936953125 0.486025065625 0.7933450093750001 0.4177238390625 0.7933450093750001
0 0.1988096546875 0.5884413312500001 0.2005609671875 0.7355516640624999 0.253100371875 0.7355516640624999 0.2495977453125 0.59019264375 0.1988096546875 0.5884413312500001
0 0.1988096546875 0.7933450093750001 0.20406359531249998 0.9509632218749999 0.253100371875 0.9509632218749999 0.2495977453125 0.7915936953125 0.1988096546875 0.7933450093750001